# oST version 5.0 parameters


[image]

width
752

height
480

[narrow_stereo/left]

camera matrix
504.752576 0.000000 366.757607
0.000000 503.152317 253.185527
0.000000 0.000000 1.000000

distortion
-0.293735 0.078650 -0.001711 0.000023 0.000000

rectification
0.960973 -0.011764 0.276392
0.010033 0.999920 0.007679
-0.276460 -0.004606 0.961014

projection
496.262044 0.000000 53.975887 0.000000
0.000000 496.262044 262.775133 0.000000
0.000000 0.000000 1.000000 0.000000
# oST version 5.0 parameters


[image]

width
752

height
480

[narrow_stereo/right]

camera matrix
481.380227 0.000000 377.587714
0.000000 480.060065 259.604874
0.000000 0.000000 1.000000

distortion
-0.284379 0.073830 -0.001369 0.000325 0.000000

rectification
0.963191 -0.010424 0.268614
0.012106 0.999916 -0.004605
-0.268544 0.007687 0.963237

projection
496.262044 0.000000 53.975887 -57.307426
0.000000 496.262044 262.775133 0.000000
0.000000 0.000000 1.000000 0.000000
