builtin_interfaces.msg.Time(sec=1727650540, nanosec=813377286)	0.38356395178922886	-7.093319960833665	-1.7107137005077189	0.0	0.0
builtin_interfaces.msg.Time(sec=1727650540, nanosec=845792797)	0.38356395178922886	-7.093319960833665	-1.7107137005077189	0.0	0.0
builtin_interfaces.msg.Time(sec=1727650540, nanosec=880770198)	0.38356395178922886	-7.093319960833665	-1.7107137005077189	0.0	0.0
builtin_interfaces.msg.Time(sec=1727650540, nanosec=919064808)	0.38356395178922886	-7.093319960833665	-1.7107137005077189	0.0	0.0
